raya/0/2024-03-18/18:55:12.754306800
raya/0/2024-03-18/19:03:14.811419400
player/0/2024-03-18/19:03:33.251578300
david bowie/0/2024-03-18/19:34:02.448340900
davidbowie/0/2024-03-18/19:36:27.907796300
rayaa/0/2024-03-18/19:36:58.882429100
rayaa/0/2024-03-18/19:37:05.659345700
lalalala/0/2024-03-18/19:37:49.359852800
khastam/2/2024-03-18/19:38:10.967453
a/0/2024-03-19/04:12:10.566955700
a/0/2024-03-19/04:12:59.212373600
ab/0/2024-03-19/04:13:24.739129900
a/0/2024-03-19/04:22:19.060370800
aaaaaa/0/2024-03-19/18:33:41.487550400
abcd/10/2024-03-20/16:46:12.358009200
/10/2024-03-20/16:47:03.830804600
raya/9/2024-03-20/22:40:34.514818400
rayaaaaaa/11/2024-03-21/00:10:50.065044100
eee/96/2024-03-21/14:11:57.159225900
raya/16/2024-03-21/18:32:24.044663100
raya/8/2024-03-23/10:55:59.067510800
raya/16/2024-03-23/10:56:53.573715
raya/33/2024-03-23/10:58:05.950862400
/0/2024-03-25/16:19:35.783726
/0/2024-03-25/16:20:54.029910300
/0/2024-03-25/19:21:30.044367300
/0/2024-03-25/19:21:38.306543200
aa/0/2024-03-25/19:22:08.713678
aa/0/2024-03-25/19:22:14.404072100
/0/2024-03-25/19:22:22.557151400
