raya/0/2024-03-18/18:55:12.754306800
raya/0/2024-03-18/19:03:14.811419400
player/0/2024-03-18/19:03:33.251578300
david bowie/0/2024-03-18/19:34:02.448340900
davidbowie/0/2024-03-18/19:36:27.907796300
rayaa/0/2024-03-18/19:36:58.882429100
rayaa/0/2024-03-18/19:37:05.659345700
lalalala/0/2024-03-18/19:37:49.359852800
khastam/2/2024-03-18/19:38:10.967453
